0100000000001000000100100000100
0000100000000000001010000100100
0000011000111000010010000000100
0100001001000000100000000100000
0100000000011101000000000011000
0000000000000001100000000100000
1001000000000010011001000010100
0000101100001001000101000010000
0001110001000000000000101000000
1000000000100100000000000000010
1010000000000010000000000000001
0010100000010011101000100110000
0000010010010010000000000001000
0000001000000010000010000110000
1000000100010000000101010000000
0000000000011010000000000000100
0100000000010010111100000000000
0010000000000010000110000000000
1000000000001000000010010100000
0000011000100000100110010010000
1010000000000000000000000000010
1100000100000000001000000011001
0000100100000000000010101000000
0000000100000001001000000000000
0001010000000000100100000100000
0000010001100110000011000000001
0100000100000000110000000000001
0010000101000100000101100000000
0000000011000001000000110001100
0000001000000000000000000100000
0011000000110000011000110000000
0000001001000110000001100000000
0100100101000000000000000000000
0100001010001000010000000110001
0111101001100010101000010001000
0100001000001000100100000000011
0000000000010111110101001100100
0100000011000100111010100001000
0001000001000000001001110001000
0000000100000000000000001101000
0110001010000000000000000001000
0010000000010000100000000001001
0010000000001000000000000000000
0001010000000000101001100000000
0001011000000000011000000000001
0000000000010010000000010000000
0100001010000000000010000101100
0100010010000000000001000010100
0001001000100000000011110101000
0010001000000000001110010001101
0000001100010101000011000010000
1001010000011000010000000100010
0100000100000100100110000000000
0000000000000000101010001100000
0100000100000000000010000001000
0001000100101000011111100000100
0010000000000110000001100000100
0000001001011000101000000000000
0000100000001001000100101000000
1000000110100100000000100000100
0010000000001001000000000100000
0010000000001100000001010100110
0001000011000000000000000001010
0001000000001101000000010110011
0000101000100010000100000000000
0000000001000011000000001000000
0001000000001001000000010001000
1000000010000100010000000000010
0000000100000010001100000000000
0101000000110100000001001000100
0100000110100010000001001000000
0000000010000000000000101001001
1000000000001000010000010110101
0000000000000000100010000000011
1001011001000001000110100000000
1000001010011000000101001001110
0000100010000010000000000000000
0000001000100110000000000010000
0000001000000000110100010000001
1000101000001001010010010000001
0001010010010100000000111010000
0010001000000010100000001000000
0001000010000010000000100000010
1000000000001000010010010000000
0000000000110000001100000000011
1100000000000010010100010010100
0010110000110001100100010000000
0000000000001101100111001001000
0000001000011000110000000001000
0000001001010000001111001000000
0000000000000010000100100110000
0001010010001101000000010100000
0001010000100000001001001001100
0000000000100000000010000000000
0001000001000000000000100000110
0000101000000000000000000000010
0000000001000101000100000000000
0001000000001001100000100010100
0000001100000101001000111010001
1000010010100000100010000000000
0101101110000000001001101000010
1000000000100001000000001000100
0000000000010000000000000001001
1110000000000000000000010000100
0000000000000000010000100000100
0000000000100000000010000000100
0000000010010000100000110000000
1000110100010101000000000000100
0000100000000011010100100011100
0110000000000000010001000001101
1110001000000000000000000100010
0000010010001001000100000000000
0100000000000000000100010010010
0100000000011100010110000001110
0111100000000000010000001001000
0000100000000100101000010011001
0010000101000101000001100001000
0011100100100001100001001001000
0001010000010100001000001000000
0000010000000000101000000000000
0000000100000000000101001001000
0000001100000000100000100000001
0010100000110000000000001001100
0000101000000001000000000001100
1000000100110000000010000010000
1000100011100000000000000110000
1001000000001000000001000001101
0000001101111000000001001000010
0001100101100000100010001001000
1000000000000001110110011000000
0000000000000000000000100000100
0000000001010000000100011010000
0000100000010000000000111001000
1000111101000000000000000001001
1101000010000100000110010000101
0010000010011000000000101001010
0000010000010000000000000000000
1000011010000000001110000100000
1000000001010000000101000000000
0110100010000010001000000011011
1001000000000000010000000000000
0000000000100000000011110000000
0011000000000000001001010000000
0010100000100000000100000011000
1010000000101000000000000000010
0100010000000010000110000101100
0100100010001000000101000000000
0000001100000000000010000000001
0100001010100000000010010011000
1000010000001000000011100000000
0000000100000000110010001001110
1011000000000010011100100101000
0100100001000000000010101100000
1001000101000100100101000100000
0000000001000101000000000000100
1001000000000000010000001101100
0001100000001000000000000000000
0000100000010001000001000000100
0000011001000000100001000010000
0000100010001000100000100000000
0100001000000001100001001010001
1000000010010000001000000100010
0000000000000010000001000000100
1000000100110001000000001000010
1001001001000001001000000001000
1000100000100010000000000100011
0000000010000000100010000010100
0000000000000000000110000000100
0100000010000000010110010000100
0000010000010001001001000000100
0000000011010011000000000100001
0000000001000000010000000000000
0000000000001011101110010100000
0000000000000100001000000000001
0010000010100110110000000010000
0001000010000100000000010000010
0100000000000010000001000000000
0010100000000001101100000010100
0000100000000000000000000000001
0000000000110000000000000000000
1000000010100000000000000100010
0001100100110001101001010100000
0001111111101001100001000000000
1101000000001100000100000000100
1010000010000000010010000100010
0010000000000001000000011101101
1010000000000000000000000000000
0001010100001000000000010010000
0011101000001010010000000000000
1000000001000000000010100100000
0000000000010010000100000000010
0010000000000001000001010000000
1010000000000001001000001010100
0001000100000000000000000000000
0101010001100000000000001001001
0010000000001001000001100001100
0100010000000000001000000010011
0000100101010001111000000000000
1000000010000100110000110000100
0000011010000101001000000010000
0000000000010000000100001101011
0000000000100010000110001010000
0010000000000000100000000000001
0000100100000100001010011101000
0000000101101000000100011000101
0100101001010000000100001110100
1000000000011000110000000001100
1100100000011010111101000001000
0000101000100000000100110010100
0100000000000000000000000000000
0110010100011000001000010000010
0011000000000100000010000000001
0101000000001000101010000110000
0100000000000000000110000000001
0001000000000000000100001000000
0010001001000000000011100100011
0000000000100100000000001100100
0001000000000000010110100010000
0001000000000001000000000000000
0000001000000000110100010001000
0001010000000010010000010010001
1010001000011000100000100001000
1010100100000100000000010000000
1100000000000100111100000000000
1000000000010000000011100010010
1001000000010000100000011100000
0010000010000001011100000011000
0001011001000000000000100010000
0110000000010000010000000000000
1000010110010000000000011010100
0010000010100001000000010000001
1001000000010000000000001000000
1000000011000010001001000000000
0000000000000000010011000000000
0000000000000010010010110000000
1010000000000000000000000010010
0010011000000000001000010010010
0001000010000000100000001000010
0000010100101000001000000000101
0010100000000010000010000000000
0001010100000001010000000101001
0001100010101000001000001100001
1100000001010101000000010001100
0000101000000000001000000100000
0100000100000000111100000000000
1000000100000000100000100100100
0010010000001000110000000100001
1000000001000000000010000010100
0100000000000100000100000100000
0000000000100100010000100001100
0000010100000000001000001100100
0000001000000000110000000000000
0010010000011000000110000000010
0101010100101001000000010000000
1010001111010100001010000000010
0000100010000010000001001100000
1100000000010000000001001010010
0010100000000101000000001011000
1000010000001000100001000000000
0110000000000000111000011101000
0011010000000100010010000001000
0000010110000000000000000001000
0000010100010010000000000000000
0000000010010010000000000010101
0000101110000010010100000110011
0000110100000000010011000000000
0110000000010000001001110010110
0000000001100000000000000010110
0010000000000000001010001001010
0000100001100000100010010000010
1000100000000000000000000010000
0000010100000000000010001101010
0001000000100000001000000001101
0101001010000101100000001100001
0000000001000100110000000001000
0100010010000000000000000000010
0000000100010000000010100101011
0100000000000001000000100101000
0000000000001100000000010000101
1000000000110011000000000000000
0101000010100100000000001100000
0011100010010100000001001000110
0000010000101000000000000110100
1100000101001001000000000000000
0001100010000001000010010010000
0000000000000100001001001100011
1000000010000000000001000011001
0010110000010000000100001000010
0000000000100010000000000000111
0010000101000000000000000000100
1010001001000000000001000000000
0000110010011001000000000010000
1000100010100001011000100000001
1000000110100011001000001000000
0000100000001010000000000001000
1000010000000000011100000000000
1001000100010000001010010000000
0000000000000000000000000000000
1000000001100000000000001010000
0000000000000100000000100001011
0000000011011110000011001000000
1010101000000011000011000001000
0000000100110010001000000000000
0000000000100010000100101010110
0001000000001100001000100000000
1001011000010000100000000100000
0110001000001100010000000000000
0100010010100000101100000100000
0000000000010000000000000100010
0100100000000000000001000100100
1000000000010000001100110000100
1111001000000000001010000100000
0010101100100011000000001000011
0100000001100000000100000100000
0000000000001000000000000000010
0100010001000001010000101100100
0010000000000000101000010100000
0000000000000010000000000010000
0000000000000010000000010000100
0000000000110000000010010001000
0001010000101000010010000010001
0010000001000000000001001001010
0000011000001011110000100000000
